20.00 14.44 12.53 11.63 11.15 10.87 10.69 10.57 10.48 10.42 10.37 10.34 10.31 10.30 10.28 10.27 10.26 10.26 10.25 10.25 10.25 10.24 10.24 10.24 10.24 10.24 10.24 10.24 10.24 10.24 10.24 10.24 10.24 10.24 10.24 10.24 10.24 10.24 10.24 10.24 10.24 10.24 10.24 10.24 10.24 10.24 10.24 10.24 10.24 10.24 10.24 10.24 10.24 10.24 10.24 10.24 10.24 10.24 10.24 10.24 10.24 10.24 10.24 10.24 10.24 10.24 10.24 10.24 10.24 10.24 10.24 10.24 10.24 10.24 10.24 10.24 10.24 10.24 10.24 10.25 10.25 10.25 10.26 10.26 10.27 10.28 10.30 10.31 10.34 10.37 10.42 10.48 10.57 10.69 10.87 11.15 11.63 12.53 14.44 20.00 
20.00 17.07 15.16 13.99 13.25 12.78 12.46 12.24 12.08 11.96 11.87 11.81 11.76 11.73 11.70 11.68 11.66 11.65 11.64 11.63 11.63 11.63 11.62 11.62 11.62 11.62 11.62 11.62 11.62 11.62 11.62 11.62 11.62 11.62 11.62 11.62 11.62 11.62 11.62 11.62 11.62 11.62 11.62 11.62 11.62 11.62 11.62 11.62 11.62 11.62 11.62 11.62 11.62 11.62 11.62 11.62 11.62 11.62 11.62 11.62 11.62 11.62 11.62 11.62 11.62 11.62 11.62 11.62 11.62 11.62 11.62 11.62 11.62 11.62 11.62 11.62 11.62 11.62 11.63 11.63 11.63 11.64 11.65 11.66 11.68 11.70 11.73 11.76 11.81 11.87 11.96 12.08 12.24 12.46 12.78 13.25 13.99 15.16 17.07 20.00 
20.00 18.00 16.42 15.28 14.47 13.91 13.50 13.21 13.00 12.84 12.72 12.63 12.56 12.51 12.47 12.44 12.42 12.41 12.39 12.38 12.38 12.37 12.37 12.36 12.36 12.36 12.36 12.36 12.36 12.36 12.36 12.36 12.36 12.36 12.36 12.36 12.36 12.36 12.36 12.36 12.36 12.36 12.36 12.36 12.36 12.36 12.36 12.36 12.36 12.36 12.36 12.36 12.36 12.36 12.36 12.36 12.36 12.36 12.36 12.36 12.36 12.36 12.36 12.36 12.36 12.36 12.36 12.36 12.36 12.36 12.36 12.36 12.36 12.36 12.36 12.36 12.36 12.37 12.37 12.38 12.38 12.39 12.41 12.42 12.44 12.47 12.51 12.56 12.63 12.72 12.84 13.00 13.21 13.50 13.91 14.47 15.28 16.42 18.00 20.00 
20.00 18.54 17.27 16.26 15.48 14.90 14.46 14.14 13.89 13.70 13.56 13.45 13.37 13.30 13.26 13.22 13.19 13.17 13.15 13.14 13.13 13.13 13.12 13.12 13.12 13.11 13.11 13.11 13.11 13.11 13.11 13.11 13.11 13.11 13.11 13.11 13.11 13.11 13.11 13.11 13.11 13.11 13.11 13.11 13.11 13.11 13.11 13.11 13.11 13.11 13.11 13.11 13.11 13.11 13.11 13.11 13.11 13.11 13.11 13.11 13.11 13.11 13.11 13.11 13.11 13.11 13.11 13.11 13.11 13.11 13.11 13.11 13.11 13.11 13.11 13.12 13.12 13.12 13.13 13.13 13.14 13.15 13.17 13.19 13.22 13.26 13.30 13.37 13.45 13.56 13.70 13.89 14.14 14.46 14.90 15.48 16.26 17.27 18.54 20.00 
20.00 18.88 17.86 16.99 16.29 15.73 15.30 14.96 14.70 14.50 14.34 14.22 14.13 14.06 14.00 13.96 13.93 13.90 13.88 13.87 13.86 13.85 13.84 13.84 13.84 13.84 13.83 13.83 13.83 13.83 13.83 13.83 13.83 13.83 13.83 13.83 13.83 13.83 13.83 13.83 13.83 13.83 13.83 13.83 13.83 13.83 13.83 13.83 13.83 13.83 13.83 13.83 13.83 13.83 13.83 13.83 13.83 13.83 13.83 13.83 13.83 13.83 13.83 13.83 13.83 13.83 13.83 13.83 13.83 13.83 13.83 13.83 13.83 13.83 13.84 13.84 13.84 13.84 13.85 13.86 13.87 13.88 13.90 13.93 13.96 14.00 14.06 14.13 14.22 14.34 14.50 14.70 14.96 15.30 15.73 16.29 16.99 17.86 18.88 20.00 
20.00 19.11 18.29 17.56 16.94 16.43 16.02 15.69 15.43 15.22 15.06 14.94 14.84 14.76 14.70 14.66 14.62 14.59 14.57 14.56 14.55 14.54 14.53 14.53 14.52 14.52 14.52 14.52 14.52 14.52 14.52 14.52 14.52 14.52 14.52 14.52 14.52 14.52 14.52 14.52 14.52 14.52 14.52 14.52 14.52 14.52 14.52 14.52 14.52 14.52 14.52 14.52 14.52 14.52 14.52 14.52 14.52 14.52 14.52 14.52 14.52 14.52 14.52 14.52 14.52 14.52 14.52 14.52 14.52 14.52 14.52 14.52 14.52 14.52 14.52 14.52 14.53 14.53 14.54 14.55 14.56 14.57 14.59 14.62 14.66 14.70 14.76 14.84 14.94 15.06 15.22 15.43 15.69 16.02 16.43 16.94 17.56 18.29 19.11 20.00 
20.00 19.29 18.61 18.00 17.47 17.02 16.64 16.33 16.08 15.88 15.72 15.60 15.50 15.42 15.36 15.31 15.27 15.25 15.22 15.21 15.20 15.19 15.18 15.17 15.17 15.17 15.17 15.16 15.16 15.16 15.16 15.16 15.16 15.16 15.16 15.16 15.16 15.16 15.16 15.16 15.16 15.16 15.16 15.16 15.16 15.16 15.16 15.16 15.16 15.16 15.16 15.16 15.16 15.16 15.16 15.16 15.16 15.16 15.16 15.16 15.16 15.16 15.16 15.16 15.16 15.16 15.16 15.16 15.16 15.16 15.16 15.16 15.16 15.17 15.17 15.17 15.17 15.18 15.19 15.20 15.21 15.22 15.25 15.27 15.31 15.36 15.42 15.50 15.60 15.72 15.88 16.08 16.33 16.64 17.02 17.47 18.00 18.61 19.29 20.00 
20.00 19.42 18.87 18.36 17.90 17.51 17.17 16.89 16.66 16.47 16.32 16.20 16.10 16.02 15.96 15.91 15.88 15.85 15.83 15.81 15.80 15.79 15.78 15.78 15.77 15.77 15.77 15.77 15.77 15.76 15.76 15.76 15.76 15.76 15.76 15.76 15.76 15.76 15.76 15.76 15.76 15.76 15.76 15.76 15.76 15.76 15.76 15.76 15.76 15.76 15.76 15.76 15.76 15.76 15.76 15.76 15.76 15.76 15.76 15.76 15.76 15.76 15.76 15.76 15.76 15.76 15.76 15.76 15.76 15.76 15.76 15.77 15.77 15.77 15.77 15.77 15.78 15.78 15.79 15.80 15.81 15.83 15.85 15.88 15.91 15.96 16.02 16.10 16.20 16.32 16.47 16.66 16.89 17.17 17.51 17.90 18.36 18.87 19.42 20.00 
20.00 19.53 19.07 18.65 18.26 17.92 17.63 17.38 17.17 17.00 16.85 16.74 16.65 16.57 16.51 16.47 16.43 16.40 16.38 16.37 16.35 16.34 16.34 16.33 16.33 16.33 16.32 16.32 16.32 16.32 16.32 16.32 16.32 16.32 16.32 16.32 16.32 16.32 16.32 16.32 16.32 16.32 16.32 16.32 16.32 16.32 16.32 16.32 16.32 16.32 16.32 16.32 16.32 16.32 16.32 16.32 16.32 16.32 16.32 16.32 16.32 16.32 16.32 16.32 16.32 16.32 16.32 16.32 16.32 16.32 16.32 16.32 16.32 16.32 16.33 16.33 16.33 16.34 16.34 16.35 16.37 16.38 16.40 16.43 16.47 16.51 16.57 16.65 16.74 16.85 17.00 17.17 17.38 17.63 17.92 18.26 18.65 19.07 19.53 20.00 
20.00 19.61 19.24 18.89 18.56 18.27 18.02 17.80 17.61 17.46 17.33 17.22 17.14 17.07 17.01 16.97 16.94 16.91 16.89 16.87 16.86 16.85 16.85 16.84 16.84 16.83 16.83 16.83 16.83 16.83 16.83 16.83 16.83 16.83 16.83 16.83 16.83 16.83 16.83 16.83 16.83 16.83 16.83 16.83 16.83 16.83 16.83 16.83 16.83 16.83 16.83 16.83 16.83 16.83 16.83 16.83 16.83 16.83 16.83 16.83 16.83 16.83 16.83 16.83 16.83 16.83 16.83 16.83 16.83 16.83 16.83 16.83 16.83 16.83 16.83 16.84 16.84 16.85 16.85 16.86 16.87 16.89 16.91 16.94 16.97 17.01 17.07 17.14 17.22 17.33 17.46 17.61 17.80 18.02 18.27 18.56 18.89 19.24 19.61 20.00 
20.00 19.68 19.38 19.08 18.81 18.57 18.35 18.16 18.00 17.86 17.75 17.65 17.58 17.51 17.46 17.42 17.39 17.37 17.35 17.33 17.32 17.31 17.30 17.30 17.30 17.29 17.29 17.29 17.29 17.29 17.29 17.29 17.29 17.29 17.29 17.29 17.29 17.29 17.29 17.29 17.29 17.29 17.29 17.29 17.29 17.29 17.29 17.29 17.29 17.29 17.29 17.29 17.29 17.29 17.29 17.29 17.29 17.29 17.29 17.29 17.29 17.29 17.29 17.29 17.29 17.29 17.29 17.29 17.29 17.29 17.29 17.29 17.29 17.29 17.29 17.30 17.30 17.30 17.31 17.32 17.33 17.35 17.37 17.39 17.42 17.46 17.51 17.58 17.65 17.75 17.86 18.00 18.16 18.35 18.57 18.81 19.08 19.38 19.68 20.00 
20.00 19.74 19.49 19.25 19.02 18.82 18.64 18.48 18.34 18.22 18.12 18.03 17.96 17.91 17.86 17.82 17.79 17.77 17.75 17.74 17.73 17.72 17.72 17.71 17.71 17.70 17.70 17.70 17.70 17.70 17.70 17.70 17.70 17.70 17.70 17.70 17.70 17.70 17.70 17.70 17.70 17.70 17.70 17.70 17.70 17.70 17.70 17.70 17.70 17.70 17.70 17.70 17.70 17.70 17.70 17.70 17.70 17.70 17.70 17.70 17.70 17.70 17.70 17.70 17.70 17.70 17.70 17.70 17.70 17.70 17.70 17.70 17.70 17.70 17.70 17.71 17.71 17.72 17.72 17.73 17.74 17.75 17.77 17.79 17.82 17.86 17.91 17.96 18.03 18.12 18.22 18.34 18.48 18.64 18.82 19.02 19.25 19.49 19.74 20.00 
20.00 19.79 19.58 19.39 19.20 19.03 18.88 18.74 18.62 18.52 18.43 18.36 18.30 18.25 18.21 18.18 18.15 18.13 18.11 18.10 18.09 18.08 18.08 18.07 18.07 18.07 18.07 18.07 18.07 18.07 18.06 18.06 18.06 18.06 18.06 18.06 18.06 18.06 18.06 18.06 18.06 18.06 18.06 18.06 18.06 18.06 18.06 18.06 18.06 18.06 18.06 18.06 18.06 18.06 18.06 18.06 18.06 18.06 18.06 18.06 18.06 18.06 18.06 18.06 18.06 18.06 18.06 18.06 18.06 18.06 18.07 18.07 18.07 18.07 18.07 18.07 18.07 18.08 18.08 18.09 18.10 18.11 18.13 18.15 18.18 18.21 18.25 18.30 18.36 18.43 18.52 18.62 18.74 18.88 19.03 19.20 19.39 19.58 19.79 20.00 
20.00 19.83 19.66 19.50 19.35 19.21 19.08 18.97 18.87 18.78 18.71 18.65 18.59 18.55 18.51 18.49 18.46 18.44 18.43 18.42 18.41 18.40 18.40 18.39 18.39 18.39 18.39 18.39 18.39 18.39 18.39 18.39 18.38 18.38 18.38 18.38 18.39 18.39 18.39 18.39 18.39 18.39 18.39 18.39 18.39 18.39 18.39 18.39 18.39 18.39 18.39 18.39 18.39 18.39 18.39 18.39 18.39 18.39 18.39 18.39 18.39 18.39 18.39 18.39 18.39 18.39 18.39 18.39 18.39 18.39 18.39 18.39 18.39 18.39 18.39 18.39 18.39 18.40 18.40 18.41 18.42 18.43 18.44 18.46 18.49 18.51 18.55 18.59 18.65 18.71 18.78 18.87 18.97 19.08 19.21 19.35 19.50 19.66 19.83 20.00 
20.00 19.86 19.73 19.60 19.47 19.36 19.25 19.16 19.08 19.00 18.94 18.89 18.84 18.81 18.78 18.75 18.73 18.72 18.70 18.69 18.69 18.68 18.68 18.67 18.67 18.67 18.67 18.67 18.66 18.66 18.66 18.66 18.66 18.66 18.66 18.66 18.66 18.66 18.66 18.66 18.66 18.67 18.67 18.67 18.67 18.67 18.67 18.67 18.67 18.67 18.67 18.67 18.67 18.67 18.67 18.67 18.67 18.67 18.67 18.67 18.66 18.66 18.66 18.66 18.66 18.66 18.66 18.66 18.66 18.66 18.66 18.67 18.67 18.67 18.67 18.67 18.67 18.68 18.68 18.69 18.69 18.70 18.72 18.73 18.75 18.78 18.81 18.84 18.89 18.94 19.00 19.08 19.16 19.25 19.36 19.47 19.60 19.73 19.86 20.00 
20.00 19.89 19.78 19.68 19.58 19.48 19.40 19.32 19.25 19.19 19.14 19.10 19.06 19.03 19.00 18.98 18.96 18.95 18.94 18.93 18.92 18.92 18.91 18.91 18.91 18.91 18.91 18.91 18.90 18.90 18.90 18.90 18.90 18.90 18.90 18.90 18.90 18.90 18.91 18.91 18.91 18.91 18.91 18.91 18.91 18.91 18.91 18.91 18.91 18.91 18.91 18.91 18.91 18.91 18.91 18.91 18.91 18.91 18.91 18.91 18.91 18.91 18.91 18.91 18.90 18.90 18.90 18.90 18.90 18.90 18.90 18.91 18.91 18.91 18.91 18.91 18.91 18.91 18.92 18.92 18.93 18.94 18.95 18.96 18.98 19.00 19.03 19.06 19.10 19.14 19.19 19.25 19.32 19.40 19.48 19.58 19.68 19.78 19.89 20.00 
20.00 19.91 19.82 19.74 19.66 19.59 19.52 19.45 19.40 19.35 19.31 19.27 19.24 19.21 19.19 19.17 19.16 19.15 19.14 19.13 19.13 19.12 19.12 19.11 19.11 19.11 19.11 19.11 19.11 19.11 19.11 19.11 19.11 19.11 19.11 19.11 19.11 19.11 19.11 19.11 19.11 19.11 19.11 19.11 19.11 19.11 19.11 19.11 19.11 19.11 19.11 19.11 19.11 19.11 19.11 19.11 19.11 19.11 19.11 19.11 19.11 19.11 19.11 19.11 19.11 19.11 19.11 19.11 19.11 19.11 19.11 19.11 19.11 19.11 19.11 19.11 19.11 19.12 19.12 19.13 19.13 19.14 19.15 19.16 19.17 19.19 19.21 19.24 19.27 19.31 19.35 19.40 19.45 19.52 19.59 19.66 19.74 19.82 19.91 20.00 
20.00 19.93 19.86 19.79 19.73 19.67 19.62 19.57 19.52 19.48 19.45 19.42 19.39 19.37 19.35 19.34 19.32 19.31 19.31 19.30 19.30 19.29 19.29 19.29 19.28 19.28 19.28 19.28 19.28 19.28 19.28 19.28 19.28 19.28 19.28 19.28 19.28 19.28 19.28 19.29 19.29 19.29 19.29 19.29 19.29 19.29 19.29 19.29 19.29 19.29 19.29 19.29 19.29 19.29 19.29 19.29 19.29 19.29 19.29 19.29 19.29 19.29 19.28 19.28 19.28 19.28 19.28 19.28 19.28 19.28 19.28 19.28 19.28 19.28 19.28 19.29 19.29 19.29 19.29 19.30 19.30 19.31 19.31 19.32 19.34 19.35 19.37 19.39 19.42 19.45 19.48 19.52 19.57 19.62 19.67 19.73 19.79 19.86 19.93 20.00 
20.00 19.94 19.89 19.84 19.79 19.74 19.70 19.66 19.62 19.59 19.56 19.54 19.51 19.50 19.48 19.47 19.46 19.45 19.45 19.44 19.44 19.43 19.43 19.43 19.43 19.43 19.43 19.43 19.43 19.43 19.43 19.43 19.43 19.43 19.43 19.43 19.43 19.43 19.43 19.43 19.43 19.43 19.43 19.44 19.44 19.44 19.44 19.44 19.44 19.44 19.44 19.44 19.44 19.44 19.44 19.44 19.44 19.44 19.43 19.43 19.43 19.43 19.43 19.43 19.43 19.43 19.43 19.43 19.43 19.43 19.43 19.43 19.43 19.43 19.43 19.43 19.43 19.43 19.43 19.44 19.44 19.45 19.45 19.46 19.47 19.48 19.50 19.51 19.54 19.56 19.59 19.62 19.66 19.70 19.74 19.79 19.84 19.89 19.94 20.00 
20.00 19.96 19.91 19.87 19.83 19.80 19.76 19.73 19.70 19.68 19.65 19.63 19.62 19.60 19.59 19.58 19.57 19.57 19.56 19.56 19.55 19.55 19.55 19.55 19.55 19.55 19.55 19.55 19.55 19.55 19.55 19.55 19.55 19.55 19.55 19.55 19.55 19.55 19.55 19.55 19.56 19.56 19.56 19.56 19.56 19.56 19.56 19.56 19.56 19.57 19.57 19.57 19.56 19.56 19.56 19.56 19.56 19.56 19.56 19.56 19.56 19.55 19.55 19.55 19.55 19.55 19.55 19.55 19.55 19.55 19.55 19.55 19.55 19.55 19.55 19.55 19.55 19.55 19.55 19.55 19.56 19.56 19.57 19.57 19.58 19.59 19.60 19.62 19.63 19.65 19.68 19.70 19.73 19.76 19.80 19.83 19.87 19.91 19.96 20.00 
20.00 19.97 19.93 19.90 19.87 19.84 19.81 19.79 19.77 19.75 19.73 19.71 19.70 19.69 19.68 19.67 19.67 19.66 19.66 19.65 19.65 19.65 19.65 19.65 19.64 19.64 19.64 19.64 19.64 19.64 19.65 19.65 19.65 19.65 19.65 19.65 19.65 19.65 19.65 19.66 19.66 19.66 19.66 19.66 19.67 19.67 19.67 19.67 19.67 19.67 19.67 19.67 19.67 19.67 19.67 19.67 19.67 19.66 19.66 19.66 19.66 19.66 19.65 19.65 19.65 19.65 19.65 19.65 19.65 19.65 19.65 19.64 19.64 19.64 19.64 19.65 19.65 19.65 19.65 19.65 19.65 19.66 19.66 19.67 19.67 19.68 19.69 19.70 19.71 19.73 19.75 19.77 19.79 19.81 19.84 19.87 19.90 19.93 19.97 20.00 
20.00 19.97 19.95 19.92 19.90 19.88 19.86 19.84 19.82 19.80 19.79 19.78 19.77 19.76 19.75 19.75 19.74 19.74 19.73 19.73 19.73 19.73 19.73 19.72 19.72 19.72 19.72 19.72 19.72 19.72 19.73 19.73 19.73 19.73 19.73 19.73 19.73 19.74 19.74 19.74 19.74 19.75 19.75 19.75 19.76 19.76 19.76 19.76 19.76 19.76 19.76 19.76 19.76 19.76 19.76 19.76 19.76 19.75 19.75 19.75 19.74 19.74 19.74 19.74 19.73 19.73 19.73 19.73 19.73 19.73 19.73 19.72 19.72 19.72 19.72 19.72 19.72 19.73 19.73 19.73 19.73 19.73 19.74 19.74 19.75 19.75 19.76 19.77 19.78 19.79 19.80 19.82 19.84 19.86 19.88 19.90 19.92 19.95 19.97 20.00 
20.00 19.98 19.96 19.94 19.92 19.91 19.89 19.88 19.86 19.85 19.84 19.83 19.82 19.81 19.81 19.80 19.80 19.80 19.79 19.79 19.79 19.79 19.79 19.79 19.79 19.79 19.79 19.79 19.79 19.79 19.79 19.79 19.79 19.80 19.80 19.80 19.80 19.81 19.81 19.81 19.82 19.82 19.83 19.83 19.83 19.84 19.84 19.84 19.84 19.84 19.84 19.84 19.84 19.84 19.84 19.84 19.83 19.83 19.83 19.82 19.82 19.81 19.81 19.81 19.80 19.80 19.80 19.80 19.79 19.79 19.79 19.79 19.79 19.79 19.79 19.79 19.79 19.79 19.79 19.79 19.79 19.79 19.80 19.80 19.80 19.81 19.81 19.82 19.83 19.84 19.85 19.86 19.88 19.89 19.91 19.92 19.94 19.96 19.98 20.00 
20.00 19.98 19.97 19.96 19.94 19.93 19.92 19.91 19.89 19.89 19.88 19.87 19.86 19.86 19.85 19.85 19.85 19.84 19.84 19.84 19.84 19.84 19.84 19.84 19.84 19.84 19.84 19.84 19.84 19.84 19.84 19.85 19.85 19.85 19.85 19.86 19.86 19.87 19.87 19.88 19.88 19.89 19.89 19.90 19.90 19.91 19.91 19.91 19.92 19.92 19.92 19.92 19.92 19.91 19.91 19.91 19.90 19.90 19.89 19.89 19.88 19.88 19.87 19.87 19.86 19.86 19.85 19.85 19.85 19.85 19.84 19.84 19.84 19.84 19.84 19.84 19.84 19.84 19.84 19.84 19.84 19.84 19.84 19.85 19.85 19.85 19.86 19.86 19.87 19.88 19.89 19.89 19.91 19.92 19.93 19.94 19.96 19.97 19.98 20.00 
20.00 19.99 19.98 19.97 19.96 19.95 19.94 19.93 19.92 19.91 19.91 19.90 19.90 19.89 19.89 19.89 19.88 19.88 19.88 19.88 19.88 19.88 19.88 19.88 19.88 19.88 19.88 19.88 19.88 19.88 19.89 19.89 19.89 19.90 19.90 19.90 19.91 19.92 19.92 19.93 19.94 19.94 19.95 19.96 19.97 19.97 19.98 19.98 19.99 19.99 19.99 19.99 19.99 19.98 19.98 19.97 19.97 19.96 19.95 19.94 19.94 19.93 19.92 19.92 19.91 19.90 19.90 19.90 19.89 19.89 19.89 19.88 19.88 19.88 19.88 19.88 19.88 19.88 19.88 19.88 19.88 19.88 19.88 19.88 19.89 19.89 19.89 19.90 19.90 19.91 19.91 19.92 19.93 19.94 19.95 19.96 19.97 19.98 19.99 20.00 
20.00 19.99 19.98 19.98 19.97 19.96 19.95 19.95 19.94 19.94 19.93 19.93 19.92 19.92 19.92 19.92 19.91 19.91 19.91 19.91 19.91 19.91 19.91 19.91 19.91 19.91 19.91 19.91 19.92 19.92 19.92 19.92 19.93 19.93 19.94 19.95 19.95 19.96 19.97 19.98 19.99 20.00 20.01 20.02 20.03 20.04 20.05 20.05 20.06 20.06 20.06 20.06 20.06 20.05 20.05 20.04 20.03 20.02 20.01 20.00 19.99 19.98 19.97 19.96 19.95 19.95 19.94 19.93 19.93 19.92 19.92 19.92 19.92 19.91 19.91 19.91 19.91 19.91 19.91 19.91 19.91 19.91 19.91 19.91 19.92 19.92 19.92 19.92 19.93 19.93 19.94 19.94 19.95 19.95 19.96 19.97 19.98 19.98 19.99 20.00 
20.00 19.99 19.99 19.98 19.98 19.97 19.97 19.96 19.96 19.95 19.95 19.95 19.94 19.94 19.94 19.94 19.94 19.93 19.93 19.93 19.93 19.93 19.93 19.93 19.93 19.94 19.94 19.94 19.94 19.95 19.95 19.95 19.96 19.97 19.97 19.98 19.99 20.00 20.02 20.03 20.04 20.06 20.07 20.08 20.10 20.11 20.12 20.13 20.13 20.14 20.14 20.14 20.13 20.13 20.12 20.11 20.10 20.08 20.07 20.06 20.04 20.03 20.02 20.00 19.99 19.98 19.97 19.97 19.96 19.95 19.95 19.95 19.94 19.94 19.94 19.94 19.93 19.93 19.93 19.93 19.93 19.93 19.93 19.94 19.94 19.94 19.94 19.94 19.95 19.95 19.95 19.96 19.96 19.97 19.97 19.98 19.98 19.99 19.99 20.00 
20.00 20.00 19.99 19.99 19.98 19.98 19.97 19.97 19.97 19.96 19.96 19.96 19.96 19.96 19.95 19.95 19.95 19.95 19.95 19.95 19.95 19.95 19.95 19.95 19.95 19.96 19.96 19.96 19.96 19.97 19.97 19.98 19.99 20.00 20.01 20.02 20.03 20.05 20.06 20.08 20.10 20.12 20.13 20.15 20.17 20.19 20.20 20.21 20.22 20.23 20.23 20.23 20.22 20.21 20.20 20.19 20.17 20.15 20.13 20.12 20.10 20.08 20.06 20.05 20.03 20.02 20.01 20.00 19.99 19.98 19.97 19.97 19.96 19.96 19.96 19.96 19.95 19.95 19.95 19.95 19.95 19.95 19.95 19.95 19.95 19.95 19.96 19.96 19.96 19.96 19.96 19.97 19.97 19.97 19.98 19.98 19.99 19.99 20.00 20.00 
20.00 20.00 19.99 19.99 19.99 19.98 19.98 19.98 19.98 19.97 19.97 19.97 19.97 19.97 19.97 19.97 19.97 19.97 19.97 19.97 19.97 19.97 19.97 19.97 19.97 19.97 19.97 19.98 19.98 19.99 19.99 20.00 20.01 20.02 20.04 20.05 20.07 20.09 20.11 20.13 20.16 20.18 20.21 20.23 20.26 20.28 20.30 20.31 20.32 20.33 20.33 20.33 20.32 20.31 20.30 20.28 20.26 20.23 20.21 20.18 20.16 20.13 20.11 20.09 20.07 20.05 20.04 20.02 20.01 20.00 19.99 19.99 19.98 19.98 19.97 19.97 19.97 19.97 19.97 19.97 19.97 19.97 19.97 19.97 19.97 19.97 19.97 19.97 19.97 19.97 19.97 19.98 19.98 19.98 19.98 19.99 19.99 19.99 20.00 20.00 
20.00 20.00 20.00 19.99 19.99 19.99 19.99 19.98 19.98 19.98 19.98 19.98 19.98 19.98 19.98 19.98 19.98 19.98 19.98 19.98 19.98 19.98 19.98 19.98 19.98 19.98 19.99 19.99 20.00 20.01 20.01 20.02 20.04 20.05 20.07 20.09 20.11 20.14 20.17 20.20 20.23 20.26 20.29 20.33 20.36 20.39 20.41 20.43 20.45 20.46 20.46 20.46 20.45 20.43 20.41 20.39 20.36 20.33 20.29 20.26 20.23 20.20 20.17 20.14 20.11 20.09 20.07 20.05 20.04 20.03 20.01 20.01 20.00 19.99 19.99 19.98 19.98 19.98 19.98 19.98 19.98 19.98 19.98 19.98 19.98 19.98 19.98 19.98 19.98 19.98 19.98 19.98 19.98 19.99 19.99 19.99 19.99 20.00 20.00 20.00 
20.00 20.00 20.00 19.99 19.99 19.99 19.99 19.99 19.99 19.99 19.99 19.98 19.98 19.98 19.98 19.98 19.98 19.98 19.98 19.98 19.98 19.99 19.99 19.99 19.99 19.99 20.00 20.01 20.01 20.02 20.03 20.05 20.06 20.08 20.11 20.13 20.16 20.19 20.23 20.27 20.31 20.35 20.40 20.44 20.48 20.52 20.55 20.58 20.60 20.61 20.62 20.61 20.60 20.58 20.55 20.52 20.48 20.44 20.40 20.35 20.31 20.27 20.23 20.19 20.16 20.13 20.11 20.08 20.06 20.05 20.03 20.02 20.01 20.01 20.00 19.99 19.99 19.99 19.99 19.99 19.98 19.98 19.98 19.98 19.98 19.98 19.98 19.98 19.99 19.99 19.99 19.99 19.99 19.99 19.99 19.99 19.99 20.00 20.00 20.00 
20.00 20.00 20.00 20.00 20.00 19.99 19.99 19.99 19.99 19.99 19.99 19.99 19.99 19.99 19.99 19.99 19.99 19.99 19.99 19.99 19.99 19.99 19.99 20.00 20.00 20.00 20.01 20.02 20.03 20.04 20.05 20.07 20.09 20.12 20.15 20.18 20.22 20.26 20.31 20.36 20.41 20.47 20.52 20.58 20.64 20.69 20.73 20.77 20.79 20.81 20.82 20.81 20.79 20.77 20.73 20.69 20.64 20.58 20.52 20.47 20.41 20.36 20.31 20.26 20.22 20.18 20.15 20.12 20.09 20.07 20.05 20.04 20.03 20.02 20.01 20.00 20.00 20.00 19.99 19.99 19.99 19.99 19.99 19.99 19.99 19.99 19.99 19.99 19.99 19.99 19.99 19.99 19.99 19.99 19.99 20.00 20.00 20.00 20.00 20.00 
20.00 20.00 20.00 20.00 20.00 20.00 20.00 19.99 19.99 19.99 19.99 19.99 19.99 19.99 19.99 19.99 19.99 19.99 19.99 19.99 20.00 20.00 20.00 20.00 20.01 20.01 20.02 20.03 20.04 20.06 20.07 20.10 20.12 20.15 20.19 20.23 20.28 20.34 20.40 20.46 20.53 20.60 20.68 20.75 20.82 20.89 20.95 20.99 21.03 21.05 21.06 21.05 21.03 20.99 20.95 20.89 20.82 20.75 20.68 20.60 20.53 20.46 20.40 20.34 20.28 20.23 20.19 20.15 20.12 20.10 20.07 20.06 20.04 20.03 20.02 20.01 20.01 20.00 20.00 20.00 20.00 19.99 19.99 19.99 19.99 19.99 19.99 19.99 19.99 19.99 19.99 19.99 19.99 20.00 20.00 20.00 20.00 20.00 20.00 20.00 
20.00 20.00 20.00 20.00 20.00 20.00 20.00 20.00 20.00 20.00 20.00 19.99 19.99 19.99 19.99 19.99 20.00 20.00 20.00 20.00 20.00 20.00 20.00 20.01 20.01 20.02 20.03 20.04 20.06 20.07 20.10 20.12 20.16 20.20 20.24 20.30 20.36 20.43 20.50 20.59 20.68 20.77 20.86 20.96 21.05 21.14 21.21 21.28 21.32 21.35 21.36 21.35 21.32 21.28 21.21 21.14 21.05 20.96 20.86 20.77 20.68 20.59 20.50 20.43 20.36 20.30 20.24 20.20 20.16 20.12 20.10 20.07 20.06 20.04 20.03 20.02 20.01 20.01 20.00 20.00 20.00 20.00 20.00 20.00 20.00 19.99 19.99 19.99 20.00 20.00 20.00 20.00 20.00 20.00 20.00 20.00 20.00 20.00 20.00 20.00 
20.00 20.00 20.00 20.00 20.00 20.00 20.00 20.00 20.00 20.00 20.00 20.00 20.00 20.00 20.00 20.00 20.00 20.00 20.00 20.00 20.00 20.00 20.01 20.01 20.02 20.03 20.04 20.05 20.07 20.09 20.12 20.15 20.19 20.24 20.30 20.37 20.44 20.53 20.63 20.73 20.85 20.97 21.09 21.21 21.33 21.44 21.54 21.63 21.69 21.73 21.74 21.73 21.69 21.63 21.54 21.44 21.33 21.21 21.09 20.97 20.85 20.73 20.63 20.53 20.44 20.37 20.30 20.24 20.19 20.15 20.12 20.09 20.07 20.05 20.04 20.03 20.02 20.01 20.01 20.01 20.00 20.00 20.00 20.00 20.00 20.00 20.00 20.00 20.00 20.00 20.00 20.00 20.00 20.00 20.00 20.00 20.00 20.00 20.00 20.00 
20.00 20.00 20.00 20.00 20.00 20.00 20.00 20.00 20.00 20.00 20.00 20.00 20.00 20.00 20.00 20.00 20.00 20.00 20.00 20.00 20.01 20.01 20.01 20.02 20.03 20.04 20.05 20.07 20.09 20.11 20.15 20.19 20.24 20.30 20.37 20.45 20.55 20.65 20.78 20.91 21.05 21.20 21.36 21.52 21.67 21.82 21.94 22.05 22.13 22.18 22.20 22.18 22.13 22.05 21.94 21.82 21.67 21.52 21.36 21.20 21.05 20.91 20.78 20.65 20.55 20.45 20.37 20.30 20.24 20.19 20.15 20.11 20.09 20.07 20.05 20.04 20.03 20.02 20.01 20.01 20.01 20.00 20.00 20.00 20.00 20.00 20.00 20.00 20.00 20.00 20.00 20.00 20.00 20.00 20.00 20.00 20.00 20.00 20.00 20.00 
20.00 20.00 20.00 20.00 20.00 20.00 20.00 20.00 20.00 20.00 20.00 20.00 20.00 20.00 20.00 20.00 20.00 20.00 20.00 20.00 20.01 20.01 20.02 20.02 20.03 20.04 20.06 20.08 20.11 20.14 20.18 20.23 20.29 20.36 20.45 20.55 20.66 20.80 20.95 21.11 21.29 21.48 21.68 21.88 22.08 22.26 22.43 22.57 22.68 22.74 22.76 22.74 22.68 22.57 22.43 22.26 22.08 21.88 21.68 21.48 21.29 21.11 20.95 20.80 20.66 20.55 20.45 20.36 20.29 20.23 20.18 20.14 20.11 20.08 20.06 20.04 20.03 20.02 20.02 20.01 20.01 20.00 20.00 20.00 20.00 20.00 20.00 20.00 20.00 20.00 20.00 20.00 20.00 20.00 20.00 20.00 20.00 20.00 20.00 20.00 
20.00 20.00 20.00 20.00 20.00 20.00 20.00 20.00 20.00 20.00 20.00 20.00 20.00 20.00 20.00 20.00 20.00 20.00 20.00 20.01 20.01 20.01 20.02 20.03 20.04 20.05 20.07 20.10 20.13 20.16 20.21 20.27 20.34 20.43 20.53 20.66 20.80 20.96 21.15 21.35 21.57 21.81 22.06 22.31 22.56 22.80 23.02 23.20 23.34 23.42 23.45 23.42 23.34 23.20 23.02 22.80 22.56 22.31 22.06 21.81 21.57 21.35 21.15 20.96 20.80 20.66 20.53 20.43 20.34 20.27 20.21 20.16 20.13 20.10 20.07 20.05 20.04 20.03 20.02 20.01 20.01 20.01 20.00 20.00 20.00 20.00 20.00 20.00 20.00 20.00 20.00 20.00 20.00 20.00 20.00 20.00 20.00 20.00 20.00 20.00 
20.00 20.00 20.00 20.00 20.00 20.00 20.00 20.00 20.00 20.00 20.00 20.00 20.00 20.00 20.00 20.00 20.00 20.00 20.01 20.01 20.01 20.02 20.02 20.03 20.05 20.06 20.08 20.11 20.15 20.19 20.25 20.32 20.40 20.51 20.63 20.78 20.95 21.15 21.37 21.62 21.89 22.19 22.50 22.82 23.14 23.44 23.72 23.95 24.13 24.25 24.28 24.25 24.13 23.95 23.72 23.44 23.14 22.82 22.50 22.19 21.89 21.62 21.37 21.15 20.95 20.78 20.63 20.51 20.40 20.32 20.25 20.19 20.15 20.11 20.08 20.06 20.05 20.03 20.02 20.02 20.01 20.01 20.01 20.00 20.00 20.00 20.00 20.00 20.00 20.00 20.00 20.00 20.00 20.00 20.00 20.00 20.00 20.00 20.00 20.00 
20.00 20.00 20.00 20.00 20.00 20.00 20.00 20.00 20.00 20.00 20.00 20.00 20.00 20.00 20.00 20.00 20.00 20.00 20.01 20.01 20.01 20.02 20.03 20.04 20.05 20.07 20.10 20.13 20.17 20.22 20.29 20.37 20.47 20.59 20.74 20.91 21.11 21.35 21.62 21.92 22.26 22.62 23.01 23.41 23.81 24.20 24.55 24.86 25.09 25.24 25.29 25.24 25.09 24.86 24.55 24.20 23.81 23.41 23.01 22.62 22.26 21.92 21.62 21.35 21.11 20.91 20.74 20.59 20.47 20.37 20.29 20.22 20.17 20.13 20.10 20.07 20.05 20.04 20.03 20.02 20.01 20.01 20.01 20.00 20.00 20.00 20.00 20.00 20.00 20.00 20.00 20.00 20.00 20.00 20.00 20.00 20.00 20.00 20.00 20.00 
20.00 20.00 20.00 20.00 20.00 20.00 20.00 20.00 20.00 20.00 20.00 20.00 20.00 20.00 20.00 20.00 20.00 20.01 20.01 20.01 20.02 20.02 20.03 20.04 20.06 20.08 20.11 20.15 20.20 20.26 20.33 20.42 20.54 20.68 20.85 21.05 21.29 21.57 21.89 22.26 22.66 23.11 23.58 24.08 24.59 25.08 25.54 25.93 26.24 26.44 26.51 26.44 26.24 25.93 25.54 25.08 24.59 24.08 23.58 23.11 22.66 22.26 21.89 21.57 21.29 21.05 20.85 20.68 20.54 20.42 20.33 20.26 20.20 20.15 20.11 20.08 20.06 20.04 20.03 20.02 20.02 20.01 20.01 20.01 20.00 20.00 20.00 20.00 20.00 20.00 20.00 20.00 20.00 20.00 20.00 20.00 20.00 20.00 20.00 20.00 
20.00 20.00 20.00 20.00 20.00 20.00 20.00 20.00 20.00 20.00 20.00 20.00 20.00 20.00 20.00 20.00 20.00 20.01 20.01 20.01 20.02 20.03 20.04 20.05 20.07 20.09 20.13 20.17 20.22 20.29 20.37 20.48 20.61 20.78 20.97 21.21 21.49 21.81 22.19 22.62 23.11 23.64 24.22 24.84 25.47 26.10 26.69 27.21 27.62 27.88 27.97 27.88 27.62 27.21 26.69 26.10 25.47 24.84 24.22 23.64 23.11 22.62 22.19 21.81 21.49 21.21 20.97 20.78 20.61 20.48 20.37 20.29 20.22 20.17 20.13 20.09 20.07 20.05 20.04 20.03 20.02 20.01 20.01 20.01 20.00 20.00 20.00 20.00 20.00 20.00 20.00 20.00 20.00 20.00 20.00 20.00 20.00 20.00 20.00 20.00 
20.00 20.00 20.00 20.00 20.00 20.00 20.00 20.00 20.00 20.00 20.00 20.00 20.00 20.00 20.00 20.00 20.00 20.01 20.01 20.01 20.02 20.03 20.04 20.06 20.08 20.10 20.14 20.19 20.25 20.32 20.42 20.54 20.69 20.87 21.09 21.36 21.68 22.06 22.50 23.01 23.58 24.22 24.93 25.69 26.48 27.27 28.03 28.71 29.26 29.61 29.74 29.61 29.26 28.71 28.03 27.27 26.48 25.69 24.93 24.22 23.58 23.01 22.50 22.06 21.68 21.36 21.09 20.87 20.69 20.54 20.42 20.32 20.25 20.19 20.14 20.10 20.08 20.06 20.04 20.03 20.02 20.01 20.01 20.01 20.00 20.00 20.00 20.00 20.00 20.00 20.00 20.00 20.00 20.00 20.00 20.00 20.00 20.00 20.00 20.00 
20.00 20.00 20.00 20.00 20.00 20.00 20.00 20.00 20.00 20.00 20.00 20.00 20.00 20.00 20.00 20.00 20.01 20.01 20.01 20.02 20.02 20.03 20.04 20.06 20.08 20.11 20.15 20.20 20.27 20.35 20.46 20.60 20.76 20.97 21.22 21.52 21.88 22.31 22.82 23.41 24.08 24.84 25.69 26.61 27.59 28.59 29.58 30.48 31.21 31.70 31.88 31.70 31.21 30.48 29.58 28.59 27.59 26.61 25.69 24.84 24.08 23.41 22.82 22.31 21.88 21.52 21.22 20.97 20.76 20.60 20.46 20.35 20.27 20.20 20.15 20.11 20.08 20.06 20.04 20.03 20.02 20.02 20.01 20.01 20.01 20.00 20.00 20.00 20.00 20.00 20.00 20.00 20.00 20.00 20.00 20.00 20.00 20.00 20.00 20.00 
20.00 20.00 20.00 20.00 20.00 20.00 20.00 20.00 20.00 20.00 20.00 20.00 20.00 20.00 20.00 20.00 20.01 20.01 20.01 20.02 20.02 20.03 20.05 20.07 20.09 20.12 20.17 20.22 20.29 20.39 20.50 20.65 20.83 21.06 21.34 21.67 22.08 22.57 23.14 23.81 24.59 25.47 26.48 27.59 28.79 30.06 31.33 32.53 33.55 34.24 34.49 34.24 33.55 32.53 31.33 30.06 28.79 27.59 26.48 25.47 24.59 23.81 23.14 22.57 22.08 21.67 21.34 21.06 20.83 20.65 20.50 20.39 20.29 20.22 20.17 20.12 20.09 20.07 20.05 20.03 20.02 20.02 20.01 20.01 20.01 20.00 20.00 20.00 20.00 20.00 20.00 20.00 20.00 20.00 20.00 20.00 20.00 20.00 20.00 20.00 
20.00 20.00 20.00 20.00 20.00 20.00 20.00 20.00 20.00 20.00 20.00 20.00 20.00 20.00 20.00 20.00 20.01 20.01 20.01 20.02 20.03 20.04 20.05 20.07 20.10 20.13 20.18 20.24 20.31 20.41 20.54 20.70 20.90 21.15 21.45 21.82 22.27 22.80 23.44 24.20 25.08 26.10 27.27 28.59 30.06 31.64 33.29 34.91 36.34 37.36 37.74 37.36 36.34 34.91 33.29 31.64 30.06 28.59 27.27 26.10 25.08 24.20 23.44 22.80 22.27 21.82 21.45 21.15 20.90 20.70 20.54 20.41 20.31 20.24 20.18 20.13 20.10 20.07 20.05 20.04 20.03 20.02 20.01 20.01 20.01 20.00 20.00 20.00 20.00 20.00 20.00 20.00 20.00 20.00 20.00 20.00 20.00 20.00 20.00 20.00 
20.00 20.00 20.00 20.00 20.00 20.00 20.00 20.00 20.00 20.00 20.00 20.00 20.00 20.00 20.00 20.00 20.01 20.01 20.01 20.02 20.03 20.04 20.05 20.07 20.10 20.14 20.19 20.25 20.33 20.44 20.57 20.74 20.96 21.22 21.55 21.95 22.43 23.02 23.72 24.55 25.54 26.69 28.03 29.58 31.33 33.29 35.42 37.61 39.67 41.25 41.88 41.25 39.67 37.61 35.42 33.29 31.33 29.58 28.03 26.69 25.54 24.55 23.72 23.02 22.43 21.95 21.55 21.22 20.96 20.74 20.57 20.44 20.33 20.25 20.19 20.14 20.10 20.07 20.05 20.04 20.03 20.02 20.01 20.01 20.01 20.00 20.00 20.00 20.00 20.00 20.00 20.00 20.00 20.00 20.00 20.00 20.00 20.00 20.00 20.00 
20.00 20.00 20.00 20.00 20.00 20.00 20.00 20.00 20.00 20.00 20.00 20.00 20.00 20.00 20.00 20.00 20.01 20.01 20.01 20.02 20.03 20.04 20.06 20.08 20.11 20.15 20.20 20.26 20.35 20.46 20.60 20.78 21.00 21.28 21.63 22.05 22.57 23.20 23.95 24.86 25.93 27.21 28.71 30.48 32.53 34.91 37.61 40.58 43.61 46.21 47.43 46.21 43.61 40.58 37.61 34.91 32.53 30.48 28.71 27.21 25.93 24.86 23.95 23.20 22.57 22.05 21.63 21.28 21.00 20.78 20.60 20.46 20.35 20.26 20.20 20.15 20.11 20.08 20.06 20.04 20.03 20.02 20.01 20.01 20.01 20.00 20.00 20.00 20.00 20.00 20.00 20.00 20.00 20.00 20.00 20.00 20.00 20.00 20.00 20.00 
20.00 20.00 20.00 20.00 20.00 20.00 20.00 20.00 20.00 20.00 20.00 20.00 20.00 20.00 20.00 20.00 20.01 20.01 20.01 20.02 20.03 20.04 20.06 20.08 20.11 20.15 20.20 20.27 20.36 20.48 20.62 20.81 21.04 21.33 21.69 22.14 22.68 23.34 24.13 25.09 26.24 27.62 29.26 31.21 33.55 36.34 39.67 43.61 48.12 52.68 55.51 52.68 48.12 43.61 39.67 36.34 33.55 31.21 29.26 27.62 26.24 25.09 24.13 23.34 22.68 22.14 21.69 21.33 21.04 20.81 20.62 20.48 20.36 20.27 20.20 20.15 20.11 20.08 20.06 20.04 20.03 20.02 20.01 20.01 20.01 20.00 20.00 20.00 20.00 20.00 20.00 20.00 20.00 20.00 20.00 20.00 20.00 20.00 20.00 20.00 
20.00 20.00 20.00 20.00 20.00 20.00 20.00 20.00 20.00 20.00 20.00 20.00 20.00 20.00 20.00 20.00 20.01 20.01 20.01 20.02 20.03 20.04 20.06 20.08 20.11 20.15 20.21 20.28 20.37 20.48 20.63 20.82 21.06 21.36 21.73 22.19 22.74 23.42 24.25 25.24 26.44 27.88 29.61 31.70 34.24 37.36 41.25 46.21 52.68 61.00 69.36 61.00 52.68 46.21 41.25 37.36 34.24 31.70 29.61 27.88 26.44 25.24 24.25 23.42 22.74 22.19 21.73 21.36 21.06 20.82 20.63 20.48 20.37 20.28 20.21 20.15 20.11 20.08 20.06 20.04 20.03 20.02 20.01 20.01 20.01 20.00 20.00 20.00 20.00 20.00 20.00 20.00 20.00 20.00 20.00 20.00 20.00 20.00 20.00 20.00 
20.00 20.00 20.00 20.00 20.00 20.00 20.00 20.00 20.00 20.00 20.00 20.00 20.00 20.00 20.00 20.00 20.01 20.01 20.01 20.02 20.03 20.04 20.06 20.08 20.11 20.15 20.21 20.28 20.37 20.49 20.64 20.83 21.07 21.37 21.74 22.20 22.77 23.45 24.29 25.29 26.51 27.97 29.74 31.88 34.49 37.74 41.88 47.43 55.51 69.36 100.00 69.36 55.51 47.43 41.88 37.74 34.49 31.88 29.74 27.97 26.51 25.29 24.29 23.45 22.77 22.20 21.74 21.37 21.07 20.83 20.64 20.49 20.37 20.28 20.21 20.15 20.11 20.08 20.06 20.04 20.03 20.02 20.01 20.01 20.01 20.00 20.00 20.00 20.00 20.00 20.00 20.00 20.00 20.00 20.00 20.00 20.00 20.00 20.00 20.00 
20.00 20.00 20.00 20.00 20.00 20.00 20.00 20.00 20.00 20.00 20.00 20.00 20.00 20.00 20.00 20.00 20.01 20.01 20.01 20.02 20.03 20.04 20.06 20.08 20.11 20.15 20.21 20.28 20.37 20.48 20.63 20.82 21.06 21.36 21.73 22.19 22.74 23.42 24.25 25.24 26.44 27.88 29.61 31.70 34.24 37.36 41.25 46.21 52.68 61.00 69.36 61.00 52.68 46.21 41.25 37.36 34.24 31.70 29.61 27.88 26.44 25.24 24.25 23.42 22.74 22.19 21.73 21.36 21.06 20.82 20.63 20.48 20.37 20.28 20.21 20.15 20.11 20.08 20.06 20.04 20.03 20.02 20.01 20.01 20.01 20.00 20.00 20.00 20.00 20.00 20.00 20.00 20.00 20.00 20.00 20.00 20.00 20.00 20.00 20.00 
20.00 20.00 20.00 20.00 20.00 20.00 20.00 20.00 20.00 20.00 20.00 20.00 20.00 20.00 20.00 20.00 20.01 20.01 20.01 20.02 20.03 20.04 20.06 20.08 20.11 20.15 20.20 20.27 20.36 20.48 20.62 20.81 21.04 21.33 21.69 22.14 22.68 23.34 24.13 25.09 26.24 27.62 29.26 31.21 33.55 36.34 39.67 43.61 48.12 52.68 55.51 52.68 48.12 43.61 39.67 36.34 33.55 31.21 29.26 27.62 26.24 25.09 24.13 23.34 22.68 22.14 21.69 21.33 21.04 20.81 20.62 20.48 20.36 20.27 20.20 20.15 20.11 20.08 20.06 20.04 20.03 20.02 20.01 20.01 20.01 20.00 20.00 20.00 20.00 20.00 20.00 20.00 20.00 20.00 20.00 20.00 20.00 20.00 20.00 20.00 
20.00 20.00 20.00 20.00 20.00 20.00 20.00 20.00 20.00 20.00 20.00 20.00 20.00 20.00 20.00 20.00 20.01 20.01 20.01 20.02 20.03 20.04 20.06 20.08 20.11 20.15 20.20 20.26 20.35 20.46 20.60 20.78 21.00 21.28 21.63 22.05 22.57 23.20 23.95 24.86 25.93 27.21 28.71 30.48 32.53 34.91 37.61 40.58 43.61 46.21 47.43 46.21 43.61 40.58 37.61 34.91 32.53 30.48 28.71 27.21 25.93 24.86 23.95 23.20 22.57 22.05 21.63 21.28 21.00 20.78 20.60 20.46 20.35 20.26 20.20 20.15 20.11 20.08 20.06 20.04 20.03 20.02 20.01 20.01 20.01 20.00 20.00 20.00 20.00 20.00 20.00 20.00 20.00 20.00 20.00 20.00 20.00 20.00 20.00 20.00 
20.00 20.00 20.00 20.00 20.00 20.00 20.00 20.00 20.00 20.00 20.00 20.00 20.00 20.00 20.00 20.00 20.01 20.01 20.01 20.02 20.03 20.04 20.05 20.07 20.10 20.14 20.19 20.25 20.33 20.44 20.57 20.74 20.96 21.22 21.55 21.95 22.43 23.02 23.72 24.55 25.54 26.69 28.03 29.58 31.33 33.29 35.42 37.61 39.67 41.25 41.88 41.25 39.67 37.61 35.42 33.29 31.33 29.58 28.03 26.69 25.54 24.55 23.72 23.02 22.43 21.95 21.55 21.22 20.96 20.74 20.57 20.44 20.33 20.25 20.19 20.14 20.10 20.07 20.05 20.04 20.03 20.02 20.01 20.01 20.01 20.00 20.00 20.00 20.00 20.00 20.00 20.00 20.00 20.00 20.00 20.00 20.00 20.00 20.00 20.00 
20.00 20.00 20.00 20.00 20.00 20.00 20.00 20.00 20.00 20.00 20.00 20.00 20.00 20.00 20.00 20.00 20.01 20.01 20.01 20.02 20.03 20.04 20.05 20.07 20.10 20.13 20.18 20.24 20.31 20.41 20.54 20.70 20.90 21.15 21.45 21.82 22.27 22.80 23.44 24.20 25.08 26.10 27.27 28.59 30.06 31.64 33.29 34.91 36.34 37.36 37.74 37.36 36.34 34.91 33.29 31.64 30.06 28.59 27.27 26.10 25.08 24.20 23.44 22.80 22.27 21.82 21.45 21.15 20.90 20.70 20.54 20.41 20.31 20.24 20.18 20.13 20.10 20.07 20.05 20.04 20.03 20.02 20.01 20.01 20.01 20.00 20.00 20.00 20.00 20.00 20.00 20.00 20.00 20.00 20.00 20.00 20.00 20.00 20.00 20.00 
20.00 20.00 20.00 20.00 20.00 20.00 20.00 20.00 20.00 20.00 20.00 20.00 20.00 20.00 20.00 20.00 20.01 20.01 20.01 20.02 20.02 20.03 20.05 20.07 20.09 20.12 20.17 20.22 20.29 20.39 20.50 20.65 20.83 21.06 21.34 21.67 22.08 22.57 23.14 23.81 24.59 25.47 26.48 27.59 28.79 30.06 31.33 32.53 33.55 34.24 34.49 34.24 33.55 32.53 31.33 30.06 28.79 27.59 26.48 25.47 24.59 23.81 23.14 22.57 22.08 21.67 21.34 21.06 20.83 20.65 20.50 20.39 20.29 20.22 20.17 20.12 20.09 20.07 20.05 20.03 20.02 20.02 20.01 20.01 20.01 20.00 20.00 20.00 20.00 20.00 20.00 20.00 20.00 20.00 20.00 20.00 20.00 20.00 20.00 20.00 
20.00 20.00 20.00 20.00 20.00 20.00 20.00 20.00 20.00 20.00 20.00 20.00 20.00 20.00 20.00 20.00 20.01 20.01 20.01 20.02 20.02 20.03 20.04 20.06 20.08 20.11 20.15 20.20 20.27 20.35 20.46 20.60 20.76 20.97 21.22 21.52 21.88 22.31 22.82 23.41 24.08 24.84 25.69 26.61 27.59 28.59 29.58 30.48 31.21 31.70 31.88 31.70 31.21 30.48 29.58 28.59 27.59 26.61 25.69 24.84 24.08 23.41 22.82 22.31 21.88 21.52 21.22 20.97 20.76 20.60 20.46 20.35 20.27 20.20 20.15 20.11 20.08 20.06 20.04 20.03 20.02 20.02 20.01 20.01 20.01 20.00 20.00 20.00 20.00 20.00 20.00 20.00 20.00 20.00 20.00 20.00 20.00 20.00 20.00 20.00 
20.00 20.00 20.00 20.00 20.00 20.00 20.00 20.00 20.00 20.00 20.00 20.00 20.00 20.00 20.00 20.00 20.00 20.01 20.01 20.01 20.02 20.03 20.04 20.06 20.08 20.10 20.14 20.19 20.25 20.32 20.42 20.54 20.69 20.87 21.09 21.36 21.68 22.06 22.50 23.01 23.58 24.22 24.93 25.69 26.48 27.27 28.03 28.71 29.26 29.61 29.74 29.61 29.26 28.71 28.03 27.27 26.48 25.69 24.93 24.22 23.58 23.01 22.50 22.06 21.68 21.36 21.09 20.87 20.69 20.54 20.42 20.32 20.25 20.19 20.14 20.10 20.08 20.06 20.04 20.03 20.02 20.01 20.01 20.01 20.00 20.00 20.00 20.00 20.00 20.00 20.00 20.00 20.00 20.00 20.00 20.00 20.00 20.00 20.00 20.00 
20.00 20.00 20.00 20.00 20.00 20.00 20.00 20.00 20.00 20.00 20.00 20.00 20.00 20.00 20.00 20.00 20.00 20.01 20.01 20.01 20.02 20.03 20.04 20.05 20.07 20.09 20.13 20.17 20.22 20.29 20.37 20.48 20.61 20.78 20.97 21.21 21.49 21.81 22.19 22.62 23.11 23.64 24.22 24.84 25.47 26.10 26.69 27.21 27.62 27.88 27.97 27.88 27.62 27.21 26.69 26.10 25.47 24.84 24.22 23.64 23.11 22.62 22.19 21.81 21.49 21.21 20.97 20.78 20.61 20.48 20.37 20.29 20.22 20.17 20.13 20.09 20.07 20.05 20.04 20.03 20.02 20.01 20.01 20.01 20.00 20.00 20.00 20.00 20.00 20.00 20.00 20.00 20.00 20.00 20.00 20.00 20.00 20.00 20.00 20.00 
20.00 20.00 20.00 20.00 20.00 20.00 20.00 20.00 20.00 20.00 20.00 20.00 20.00 20.00 20.00 20.00 20.00 20.01 20.01 20.01 20.02 20.02 20.03 20.04 20.06 20.08 20.11 20.15 20.20 20.26 20.33 20.42 20.54 20.68 20.85 21.05 21.29 21.57 21.89 22.26 22.66 23.11 23.58 24.08 24.59 25.08 25.54 25.93 26.24 26.44 26.51 26.44 26.24 25.93 25.54 25.08 24.59 24.08 23.58 23.11 22.66 22.26 21.89 21.57 21.29 21.05 20.85 20.68 20.54 20.42 20.33 20.26 20.20 20.15 20.11 20.08 20.06 20.04 20.03 20.02 20.02 20.01 20.01 20.01 20.00 20.00 20.00 20.00 20.00 20.00 20.00 20.00 20.00 20.00 20.00 20.00 20.00 20.00 20.00 20.00 
20.00 20.00 20.00 20.00 20.00 20.00 20.00 20.00 20.00 20.00 20.00 20.00 20.00 20.00 20.00 20.00 20.00 20.00 20.01 20.01 20.01 20.02 20.03 20.04 20.05 20.07 20.10 20.13 20.17 20.22 20.29 20.37 20.47 20.59 20.74 20.91 21.11 21.35 21.62 21.92 22.26 22.62 23.01 23.41 23.81 24.20 24.55 24.86 25.09 25.24 25.29 25.24 25.09 24.86 24.55 24.20 23.81 23.41 23.01 22.62 22.26 21.92 21.62 21.35 21.11 20.91 20.74 20.59 20.47 20.37 20.29 20.22 20.17 20.13 20.10 20.07 20.05 20.04 20.03 20.02 20.01 20.01 20.01 20.00 20.00 20.00 20.00 20.00 20.00 20.00 20.00 20.00 20.00 20.00 20.00 20.00 20.00 20.00 20.00 20.00 
20.00 20.00 20.00 20.00 20.00 20.00 20.00 20.00 20.00 20.00 20.00 20.00 20.00 20.00 20.00 20.00 20.00 20.00 20.01 20.01 20.01 20.02 20.02 20.03 20.05 20.06 20.08 20.11 20.15 20.19 20.25 20.32 20.40 20.51 20.63 20.78 20.95 21.15 21.37 21.62 21.89 22.19 22.50 22.82 23.14 23.44 23.72 23.95 24.13 24.25 24.28 24.25 24.13 23.95 23.72 23.44 23.14 22.82 22.50 22.19 21.89 21.62 21.37 21.15 20.95 20.78 20.63 20.51 20.40 20.32 20.25 20.19 20.15 20.11 20.08 20.06 20.05 20.03 20.02 20.02 20.01 20.01 20.01 20.00 20.00 20.00 20.00 20.00 20.00 20.00 20.00 20.00 20.00 20.00 20.00 20.00 20.00 20.00 20.00 20.00 
20.00 20.00 20.00 20.00 20.00 20.00 20.00 20.00 20.00 20.00 20.00 20.00 20.00 20.00 20.00 20.00 20.00 20.00 20.00 20.01 20.01 20.01 20.02 20.03 20.04 20.05 20.07 20.10 20.13 20.16 20.21 20.27 20.34 20.43 20.53 20.66 20.80 20.96 21.14 21.35 21.57 21.81 22.06 22.31 22.56 22.80 23.02 23.20 23.33 23.42 23.45 23.42 23.33 23.20 23.02 22.80 22.56 22.31 22.06 21.81 21.57 21.35 21.14 20.96 20.80 20.66 20.53 20.43 20.34 20.27 20.21 20.16 20.13 20.10 20.07 20.05 20.04 20.03 20.02 20.01 20.01 20.01 20.00 20.00 20.00 20.00 20.00 20.00 20.00 20.00 20.00 20.00 20.00 20.00 20.00 20.00 20.00 20.00 20.00 20.00 
20.00 20.00 20.00 20.00 20.00 20.00 20.00 20.00 20.00 20.00 20.00 20.00 20.00 20.00 20.00 20.00 20.00 20.00 20.00 20.00 20.01 20.01 20.02 20.02 20.03 20.04 20.06 20.08 20.11 20.14 20.18 20.23 20.29 20.36 20.45 20.55 20.66 20.80 20.95 21.11 21.29 21.48 21.68 21.88 22.08 22.26 22.43 22.57 22.67 22.74 22.76 22.74 22.67 22.57 22.43 22.26 22.08 21.88 21.68 21.48 21.29 21.11 20.95 20.80 20.66 20.55 20.45 20.36 20.29 20.23 20.18 20.14 20.11 20.08 20.06 20.04 20.03 20.02 20.02 20.01 20.01 20.00 20.00 20.00 20.00 20.00 20.00 20.00 20.00 20.00 20.00 20.00 20.00 20.00 20.00 20.00 20.00 20.00 20.00 20.00 
20.00 20.00 20.00 20.00 20.00 20.00 20.00 20.00 20.00 20.00 20.00 20.00 20.00 20.00 20.00 20.00 20.00 20.00 20.00 20.00 20.00 20.01 20.01 20.02 20.02 20.03 20.05 20.07 20.09 20.11 20.15 20.19 20.24 20.30 20.37 20.45 20.55 20.65 20.77 20.91 21.05 21.20 21.36 21.52 21.67 21.81 21.94 22.05 22.13 22.18 22.20 22.18 22.13 22.05 21.94 21.81 21.67 21.52 21.36 21.20 21.05 20.91 20.77 20.65 20.55 20.45 20.37 20.30 20.24 20.19 20.15 20.11 20.09 20.07 20.05 20.03 20.02 20.02 20.01 20.01 20.00 20.00 20.00 20.00 20.00 20.00 20.00 20.00 20.00 20.00 20.00 20.00 20.00 20.00 20.00 20.00 20.00 20.00 20.00 20.00 
